需求——BPS391004005374、BPS391004005815、BPS397004021181 现需求调取以上代理整链 5.15-6.1630天交易量为0的激活商户（SN、激活时间、累计交易量、商户名称、手机号） 并将导出的所有终端商户贷记卡刷卡费率调整为0.55%不区分优惠、标准 烦请技术协助操作，谢谢

   -- 获取所有代理商id
  -- SELECT agent_id FROM `user` WHERE `agent_num` IN ('BPS391004005374','BPS391004005815','BPS397004021181')-------|
  -- 获取所有用户id
  -- SELECT id FROM `user` WHERE `agent_id` IN (50,48,91)
  --  根据用户ID  获取到所有的商户   根据商户获取到机具Id  然后  根据机具id  获取 交易量 综合
  select * from merchant_transaction_day where terminal_id in (
     SELECT terminal_id FROM `merchant` as m
     left join terminal as t on m.terminal_id=t.id
     WHERE m.user_id IN  (66,68,109,399,434,440,444,454,456,465,466,467,485,490,500,589,741,782,861,1004,1029,1073,1108,1468,1473,1568,1577,1601,1726,1764,1776,1788,1849,1851,1869,1986,2000,2022,2035,2043,2044,2045,2255,2256,2257,2258,2259,2263,2269,2272,2273,2275,2281,2282,2287,2290,2292,2294,2297,2299,2305,2312,2316,2317,2323,2325,2367,2384,2399,2403,2404,2432,2478,2530,2542,2551,2578,2596,2610,2626,2636,2655,2662,2672,2693,2694,2713,2737,2739,2741,2748,2749,2773,2775,2792,2836,2850,2854,2890,2970,3089,3333,3334,3336,3402,3403,3493,3500,3591,3592,4086,4180,4228,4249,4257,4271,4284,4314,4318,4360,4377,4435,4436,4445,4446,4447,4448,4449,4451,4452,4453,4454,4455,4456,4457,4459,4460,4461,4462,4463,4465,4466,4467,4470,4471,4472,4473,4474,4475,4477,4478,4479,4480,4482,4483,4484,4485,4486,4488,4489,4490,4491,4492,4493,4494,4495,4496,4498,4499,4500,4501,4502,4503,4504,4505,4506,4507,4509,4510,4512,4513,4514,4516,4517,4518,4522,4523,4526,4527,4529,4530,4531,4532,4533,4534,4535,4536,4537,4538,4541,4542,4543,4544,4545,4546,4547,4548,4549,4550,4551,4552,4553,4555,4557,4562,4565,4572,4574,4578,4580,4581,4582,4583,4587,4590,4592,4597,4612,4613,4618,4622,4633,4642,4646,4649,4655,4658,4659,4665,4666,4667,4669,4671,4674,4678,4679,4695,4697,4700,4702,4715,4720,4727,4728,4733,4734,4738,4741,4742,4745,4748,4750,4754,4756,4760,4766,4767,4768,4769,4770,4771,4775,4778,4779,4788,4789,4793,4795,4796,4797,4799,4800,4801,4804,4805,4806,4809,4815,4816,4818,4826,4827,4828,4829,4830,4831,4833,4838,4864,4883,4895,4939,4943,4958,4969,4978,5003,5011,5023,5025,5026,5037,5098,5107,5115,5127,5131,5135,5143,5157,5226,5249,5394,5481,5494,5568,5569,5570,5571,5572,5573,5575,5578,5579,5580,5582,5583,5584,5591,5592,5594,5602,5603,5605,5610,5611,5616,5622,5624,5627,5634,5637,5638,5639,5640,5644,5647,5648,5650,5652,5653,5656,5660,5661,5662,5663,5664,5665,5666,5668,5670,5671,5672,5674,5675,5676,5677,5678,5679,5680,5681,5682,5683,5684,5685,5686,5691,5692,5695,5711,5713,5714,5722,5723,5727,5729,5740,5751,5774,5791,5794,5861,5883,5943,6023,7810,7853,7930,7950,8055,8116,8117,8127,8147,8268,8293,8334,8441,8479,8657,8675,8748,8832,9033,9039,9085,9270,9532,9544,9581,9634,9774,9799,9853,9858,9860,9885,10009,10107,10148,10169,10178,10236,10371,10412,10469,10512,10553,10559,10589,10632,10633,10646,10661,10847,10874,10946,10985,11018,11062,11068,11089,11140,11150,11311,11390,11397,11402,11464,11484,11504,11537,11541,11545,11606,11619,11661,11707,11733,11736,11764,11828,11836,11918,11943,12014,12018,12074,12076,12096,12101,12149,12180,12188,12201,12204,12221,12258,12314,12326,12361,12362,12363,12364,12402,12404,12537,12562,12715,12720,12781,12827,12921,12922,12974,12975,12982,12999,13018,13030,13034,13269,13274,13291,13313,13314,13315,13316,13418,13474,13692,13730,13804,13832,13865,13873,14050,14136,14382,14400,14429,14449,14465,14508,14622,14695,14749,14841,14989,15018,15090,15120,15141,15421,15464,15466,15469,15521,15741,15784,15877,15884,15893,16385,16507,16618,16645,16719,16728,16867,16872,16905,17034,17036,17037,17065,17066,17252,17313,17470,17679,17700,17760,17882,17963,17983,18132,18153,18163,18281,18341,18356,18360,18446,18447,18450) AND t.is_bind = '1' AND t.`is_active` = '1' AND t.`is_deleted` = '0'
    )
    and date BETWEEN '2021-05-15' and '2021-06-16' GROUP BY terminal_id

   最终 使用的sql  结果为
   SELECT
     t.sn,t.active_time,sum(tr.money) as money,m.name,m.tel,m.id
          FROM
           `merchant` AS m
           LEFT JOIN terminal AS t ON m.terminal_id = t.id
           LEFT JOIN merchant_transaction_day  as tr on m.terminal_id = tr.terminal_id
          WHERE
           m.user_id IN (
             66,
             68,
             109,
             399,
             434,
             440,
             444,
             454,
             456,
             465,
             466,
             467,
             485,
             490,
             500,
             589,
             741,
             782,
             861,
             1004,
             1029,
             1073,
             1108,
             1468,
             1473,
             1568,
             1577,
             1601,
             1726,
             1764,
             1776,
             1788,
             1849,
             1851,
             1869,
             1986,
             2000,
             2022,
             2035,
             2043,
             2044,
             2045,
             2255,
             2256,
             2257,
             2258,
             2259,
             2263,
             2269,
             2272,
             2273,
             2275,
             2281,
             2282,
             2287,
             2290,
             2292,
             2294,
             2297,
             2299,
             2305,
             2312,
             2316,
             2317,
             2323,
             2325,
             2367,
             2384,
             2399,
             2403,
             2404,
             2432,
             2478,
             2530,
             2542,
             2551,
             2578,
             2596,
             2610,
             2626,
             2636,
             2655,
             2662,
             2672,
             2693,
             2694,
             2713,
             2737,
             2739,
             2741,
             2748,
             2749,
             2773,
             2775,
             2792,
             2836,
             2850,
             2854,
             2890,
             2970,
             3089,
             3333,
             3334,
             3336,
             3402,
             3403,
             3493,
             3500,
             3591,
             3592,
             4086,
             4180,
             4228,
             4249,
             4257,
             4271,
             4284,
             4314,
             4318,
             4360,
             4377,
             4435,
             4436,
             4445,
             4446,
             4447,
             4448,
             4449,
             4451,
             4452,
             4453,
             4454,
             4455,
             4456,
             4457,
             4459,
             4460,
             4461,
             4462,
             4463,
             4465,
             4466,
             4467,
             4470,
             4471,
             4472,
             4473,
             4474,
             4475,
             4477,
             4478,
             4479,
             4480,
             4482,
             4483,
             4484,
             4485,
             4486,
             4488,
             4489,
             4490,
             4491,
             4492,
             4493,
             4494,
             4495,
             4496,
             4498,
             4499,
             4500,
             4501,
             4502,
             4503,
             4504,
             4505,
             4506,
             4507,
             4509,
             4510,
             4512,
             4513,
             4514,
             4516,
             4517,
             4518,
             4522,
             4523,
             4526,
             4527,
             4529,
             4530,
             4531,
             4532,
             4533,
             4534,
             4535,
             4536,
             4537,
             4538,
             4541,
             4542,
             4543,
             4544,
             4545,
             4546,
             4547,
             4548,
             4549,
             4550,
             4551,
             4552,
             4553,
             4555,
             4557,
             4562,
             4565,
             4572,
             4574,
             4578,
             4580,
             4581,
             4582,
             4583,
             4587,
             4590,
             4592,
             4597,
             4612,
             4613,
             4618,
             4622,
             4633,
             4642,
             4646,
             4649,
             4655,
             4658,
             4659,
             4665,
             4666,
             4667,
             4669,
             4671,
             4674,
             4678,
             4679,
             4695,
             4697,
             4700,
             4702,
             4715,
             4720,
             4727,
             4728,
             4733,
             4734,
             4738,
             4741,
             4742,
             4745,
             4748,
             4750,
             4754,
             4756,
             4760,
             4766,
             4767,
             4768,
             4769,
             4770,
             4771,
             4775,
             4778,
             4779,
             4788,
             4789,
             4793,
             4795,
             4796,
             4797,
             4799,
             4800,
             4801,
             4804,
             4805,
             4806,
             4809,
             4815,
             4816,
             4818,
             4826,
             4827,
             4828,
             4829,
             4830,
             4831,
             4833,
             4838,
             4864,
             4883,
             4895,
             4939,
             4943,
             4958,
             4969,
             4978,
             5003,
             5011,
             5023,
             5025,
             5026,
             5037,
             5098,
             5107,
             5115,
             5127,
             5131,
             5135,
             5143,
             5157,
             5226,
             5249,
             5394,
             5481,
             5494,
             5568,
             5569,
             5570,
             5571,
             5572,
             5573,
             5575,
             5578,
             5579,
             5580,
             5582,
             5583,
             5584,
             5591,
             5592,
             5594,
             5602,
             5603,
             5605,
             5610,
             5611,
             5616,
             5622,
             5624,
             5627,
             5634,
             5637,
             5638,
             5639,
             5640,
             5644,
             5647,
             5648,
             5650,
             5652,
             5653,
             5656,
             5660,
             5661,
             5662,
             5663,
             5664,
             5665,
             5666,
             5668,
             5670,
             5671,
             5672,
             5674,
             5675,
             5676,
             5677,
             5678,
             5679,
             5680,
             5681,
             5682,
             5683,
             5684,
             5685,
             5686,
             5691,
             5692,
             5695,
             5711,
             5713,
             5714,
             5722,
             5723,
             5727,
             5729,
             5740,
             5751,
             5774,
             5791,
             5794,
             5861,
             5883,
             5943,
             6023,
             7810,
             7853,
             7930,
             7950,
             8055,
             8116,
             8117,
             8127,
             8147,
             8268,
             8293,
             8334,
             8441,
             8479,
             8657,
             8675,
             8748,
             8832,
             9033,
             9039,
             9085,
             9270,
             9532,
             9544,
             9581,
             9634,
             9774,
             9799,
             9853,
             9858,
             9860,
             9885,
             10009,
             10107,
             10148,
             10169,
             10178,
             10236,
             10371,
             10412,
             10469,
             10512,
             10553,
             10559,
             10589,
             10632,
             10633,
             10646,
             10661,
             10847,
             10874,
             10946,
             10985,
             11018,
             11062,
             11068,
             11089,
             11140,
             11150,
             11311,
             11390,
             11397,
             11402,
             11464,
             11484,
             11504,
             11537,
             11541,
             11545,
             11606,
             11619,
             11661,
             11707,
             11733,
             11736,
             11764,
             11828,
             11836,
             11918,
             11943,
             12014,
             12018,
             12074,
             12076,
             12096,
             12101,
             12149,
             12180,
             12188,
             12201,
             12204,
             12221,
             12258,
             12314,
             12326,
             12361,
             12362,
             12363,
             12364,
             12402,
             12404,
             12537,
             12562,
             12715,
             12720,
             12781,
             12827,
             12921,
             12922,
             12974,
             12975,
             12982,
             12999,
             13018,
             13030,
             13034,
             13269,
             13274,
             13291,
             13313,
             13314,
             13315,
             13316,
             13418,
             13474,
             13692,
             13730,
             13804,
             13832,
             13865,
             13873,
             14050,
             14136,
             14382,
             14400,
             14429,
             14449,
             14465,
             14508,
             14622,
             14695,
             14749,
             14841,
             14989,
             15018,
             15090,
             15120,
             15141,
             15421,
             15464,
             15466,
             15469,
             15521,
             15741,
             15784,
             15877,
             15884,
             15893,
             16385,
             16507,
             16618,
             16645,
             16719,
             16728,
             16867,
             16872,
             16905,
             17034,
             17036,
             17037,
             17065,
             17066,
             17252,
             17313,
             17470,
             17679,
             17700,
             17760,
             17882,
             17963,
             17983,
             18132,
             18153,
             18163,
             18281,
             18341,
             18356,
             18360,
             18446,
             18447,
             18450
           )
           AND t.is_bind = '1'
           AND t.`is_active` = '1'
           AND t.`is_deleted` = '0'
           and m.id not in(
            SELECT
           merchant_id
          FROM
           merchant_transaction_day
          WHERE
           terminal_id IN (
           SELECT
             terminal_id
           FROM
             `merchant` AS m
             LEFT JOIN terminal AS t ON m.terminal_id = t.id
           WHERE
             m.user_id IN (
               66,
               68,
               109,
               399,
               434,
               440,
               444,
               454,
               456,
               465,
               466,
               467,
               485,
               490,
               500,
               589,
               741,
               782,
               861,
               1004,
               1029,
               1073,
               1108,
               1468,
               1473,
               1568,
               1577,
               1601,
               1726,
               1764,
               1776,
               1788,
               1849,
               1851,
               1869,
               1986,
               2000,
               2022,
               2035,
               2043,
               2044,
               2045,
               2255,
               2256,
               2257,
               2258,
               2259,
               2263,
               2269,
               2272,
               2273,
               2275,
               2281,
               2282,
               2287,
               2290,
               2292,
               2294,
               2297,
               2299,
               2305,
               2312,
               2316,
               2317,
               2323,
               2325,
               2367,
               2384,
               2399,
               2403,
               2404,
               2432,
               2478,
               2530,
               2542,
               2551,
               2578,
               2596,
               2610,
               2626,
               2636,
               2655,
               2662,
               2672,
               2693,
               2694,
               2713,
               2737,
               2739,
               2741,
               2748,
               2749,
               2773,
               2775,
               2792,
               2836,
               2850,
               2854,
               2890,
               2970,
               3089,
               3333,
               3334,
               3336,
               3402,
               3403,
               3493,
               3500,
               3591,
               3592,
               4086,
               4180,
               4228,
               4249,
               4257,
               4271,
               4284,
               4314,
               4318,
               4360,
               4377,
               4435,
               4436,
               4445,
               4446,
               4447,
               4448,
               4449,
               4451,
               4452,
               4453,
               4454,
               4455,
               4456,
               4457,
               4459,
               4460,
               4461,
               4462,
               4463,
               4465,
               4466,
               4467,
               4470,
               4471,
               4472,
               4473,
               4474,
               4475,
               4477,
               4478,
               4479,
               4480,
               4482,
               4483,
               4484,
               4485,
               4486,
               4488,
               4489,
               4490,
               4491,
               4492,
               4493,
               4494,
               4495,
               4496,
               4498,
               4499,
               4500,
               4501,
               4502,
               4503,
               4504,
               4505,
               4506,
               4507,
               4509,
               4510,
               4512,
               4513,
               4514,
               4516,
               4517,
               4518,
               4522,
               4523,
               4526,
               4527,
               4529,
               4530,
               4531,
               4532,
               4533,
               4534,
               4535,
               4536,
               4537,
               4538,
               4541,
               4542,
               4543,
               4544,
               4545,
               4546,
               4547,
               4548,
               4549,
               4550,
               4551,
               4552,
               4553,
               4555,
               4557,
               4562,
               4565,
               4572,
               4574,
               4578,
               4580,
               4581,
               4582,
               4583,
               4587,
               4590,
               4592,
               4597,
               4612,
               4613,
               4618,
               4622,
               4633,
               4642,
               4646,
               4649,
               4655,
               4658,
               4659,
               4665,
               4666,
               4667,
               4669,
               4671,
               4674,
               4678,
               4679,
               4695,
               4697,
               4700,
               4702,
               4715,
               4720,
               4727,
               4728,
               4733,
               4734,
               4738,
               4741,
               4742,
               4745,
               4748,
               4750,
               4754,
               4756,
               4760,
               4766,
               4767,
               4768,
               4769,
               4770,
               4771,
               4775,
               4778,
               4779,
               4788,
               4789,
               4793,
               4795,
               4796,
               4797,
               4799,
               4800,
               4801,
               4804,
               4805,
               4806,
               4809,
               4815,
               4816,
               4818,
               4826,
               4827,
               4828,
               4829,
               4830,
               4831,
               4833,
               4838,
               4864,
               4883,
               4895,
               4939,
               4943,
               4958,
               4969,
               4978,
               5003,
               5011,
               5023,
               5025,
               5026,
               5037,
               5098,
               5107,
               5115,
               5127,
               5131,
               5135,
               5143,
               5157,
               5226,
               5249,
               5394,
               5481,
               5494,
               5568,
               5569,
               5570,
               5571,
               5572,
               5573,
               5575,
               5578,
               5579,
               5580,
               5582,
               5583,
               5584,
               5591,
               5592,
               5594,
               5602,
               5603,
               5605,
               5610,
               5611,
               5616,
               5622,
               5624,
               5627,
               5634,
               5637,
               5638,
               5639,
               5640,
               5644,
               5647,
               5648,
               5650,
               5652,
               5653,
               5656,
               5660,
               5661,
               5662,
               5663,
               5664,
               5665,
               5666,
               5668,
               5670,
               5671,
               5672,
               5674,
               5675,
               5676,
               5677,
               5678,
               5679,
               5680,
               5681,
               5682,
               5683,
               5684,
               5685,
               5686,
               5691,
               5692,
               5695,
               5711,
               5713,
               5714,
               5722,
               5723,
               5727,
               5729,
               5740,
               5751,
               5774,
               5791,
               5794,
               5861,
               5883,
               5943,
               6023,
               7810,
               7853,
               7930,
               7950,
               8055,
               8116,
               8117,
               8127,
               8147,
               8268,
               8293,
               8334,
               8441,
               8479,
               8657,
               8675,
               8748,
               8832,
               9033,
               9039,
               9085,
               9270,
               9532,
               9544,
               9581,
               9634,
               9774,
               9799,
               9853,
               9858,
               9860,
               9885,
               10009,
               10107,
               10148,
               10169,
               10178,
               10236,
               10371,
               10412,
               10469,
               10512,
               10553,
               10559,
               10589,
               10632,
               10633,
               10646,
               10661,
               10847,
               10874,
               10946,
               10985,
               11018,
               11062,
               11068,
               11089,
               11140,
               11150,
               11311,
               11390,
               11397,
               11402,
               11464,
               11484,
               11504,
               11537,
               11541,
               11545,
               11606,
               11619,
               11661,
               11707,
               11733,
               11736,
               11764,
               11828,
               11836,
               11918,
               11943,
               12014,
               12018,
               12074,
               12076,
               12096,
               12101,
               12149,
               12180,
               12188,
               12201,
               12204,
               12221,
               12258,
               12314,
               12326,
               12361,
               12362,
               12363,
               12364,
               12402,
               12404,
               12537,
               12562,
               12715,
               12720,
               12781,
               12827,
               12921,
               12922,
               12974,
               12975,
               12982,
               12999,
               13018,
               13030,
               13034,
               13269,
               13274,
               13291,
               13313,
               13314,
               13315,
               13316,
               13418,
               13474,
               13692,
               13730,
               13804,
               13832,
               13865,
               13873,
               14050,
               14136,
               14382,
               14400,
               14429,
               14449,
               14465,
               14508,
               14622,
               14695,
               14749,
               14841,
               14989,
               15018,
               15090,
               15120,
               15141,
               15421,
               15464,
               15466,
               15469,
               15521,
               15741,
               15784,
               15877,
               15884,
               15893,
               16385,
               16507,
               16618,
               16645,
               16719,
               16728,
               16867,
               16872,
               16905,
               17034,
               17036,
               17037,
               17065,
               17066,
               17252,
               17313,
               17470,
               17679,
               17700,
               17760,
               17882,
               17963,
               17983,
               18132,
               18153,
               18163,
               18281,
               18341,
               18356,
               18360,
               18446,
               18447,
               18450
             )
             AND t.is_bind = '1'
             AND t.`is_active` = '1'
             AND t.`is_deleted` = '0'
           )
           AND date BETWEEN '2021-05-15'
           AND '2021-06-16'
          GROUP BY
           merchant_id)
           GROUP BY m.id













 sql  相关的  链表查询   大的数据量 尽可能不去链表

涉及大的数据量  近可能的去  写到redis 中

需求筛选出风控未达标的执行的sql
    SELECT
    	b.id,
    	b.`name`,
    	t.id,
    	t.sn,
    	br.start_time,
    	br.end_time,
    	br.days,
    	FORMAT( br.target_money / 100, 2 )
    	AS target_money,
    	FORMAT( br.transaction_money / 100, 2 )
    	AS transaction_money,
    	FORMAT( br.deduction_money / 100, 2 )
    	AS deduction_money,
    	u.real_name
    FROM
    	`brand_risk_control_transaction` AS br
    	LEFT JOIN brand AS b ON br.brand_id = b.id
    	LEFT JOIN terminal AS t ON br.terminal_id = t.id
    	LEFT JOIN USER AS u ON br.user_id = u.id
    WHERE
    	br.`status` = 1
    	AND (
    	DATE_FORMAT( br.end_time, '%Y-%m-%d' ) <= '2021-06-28'
    	)
    	ORDER BY br.end_time desc
